#Cornell Digital HI Archive
#Springob, C. M., Haynes, M. P., Giovanelli, R. and Kent, B. R. 2005, ApJS, 160,149
#ASCII Table format
#Generated by Brian Kent  Wed Jan 17 16:36:07 2007
# 
#Telescope:      Green Bank 91 meter
#Beam size:      10.0 [arcminutes]
#Object:         AGC 8909
#RA:             209.65750  (J2000) decimal degrees
#DEC:            60.796944  (J2000) decimal degrees
#Rest Frequency: 1.4204058e+09 [Hz]
#Bandwidth:      10000 [kHz]
#Channels:       192
#Ref Code:       2005ApJS..160..149S
#Spectrum codes:  Single Hanning only;  Good quality;  (see reference)
#HI Archive at http://arecibo.tc.cornell.edu/hiarchive/
#This spectrum is not baselined.  For a baselined spectrum, subtract the provided polynomial fit.
#Table FORMAT:  (f8.1,1x,f12.6,1x,f10.4,1x,f10.4)
# 
#Column descriptions:
# 1. Heliocentric velocity [km/s]
# 2. Radio frequency [MHz]
# 3. Flux Density [mJy]
# 4. Polynomial baseline fit
# 
####################################################################
# 
   537.1  1417.865591     7.9930    49.1300
   548.1  1417.813507     7.9930    45.7271
   559.2  1417.761424     7.9930    42.4507
   570.2  1417.709341     7.9930    39.2978
   581.2  1417.657257     7.9930    36.2660
   592.3  1417.605174     7.9930    33.3523
   603.3  1417.553091     7.9930    30.5542
   614.3  1417.501007     7.9930    27.8691
   625.4  1417.448924     7.9930    25.2943
   636.4  1417.396841     7.9930    22.8272
   647.5  1417.344757     7.9930    20.4653
   658.5  1417.292674    -4.9800    18.2060
   669.5  1417.240591     2.2800    16.0469
   680.6  1417.188507    10.8100    13.9855
   691.6  1417.136424    12.0600    12.0193
   702.7  1417.084341    11.5800    10.1459
   713.7  1417.032257    12.4800     8.3630
   724.8  1416.980174    10.4500     6.6681
   735.8  1416.928091     6.7610     5.0590
   746.9  1416.876007     5.5780     3.5333
   757.9  1416.823924     2.0460     2.0887
   769.0  1416.771841    -6.1010     0.7231
   780.0  1416.719757    -9.0010    -0.5659
   791.1  1416.667674    -4.2500    -1.7804
   802.1  1416.615591    -1.1990    -2.9226
   813.2  1416.563507    -3.2080    -3.9946
   824.2  1416.511424    -4.7750    -4.9986
   835.3  1416.459341    -7.4770    -5.9365
   846.3  1416.407257    -9.9010    -6.8105
   857.4  1416.355174    -9.1310    -7.6227
   868.4  1416.303091    -8.8810    -8.3749
   879.5  1416.251007    -7.5180    -9.0692
   890.5  1416.198924    -5.7310    -9.7076
   901.6  1416.146841    -6.5180   -10.2919
   912.7  1416.094757    -7.3430   -10.8240
   923.7  1416.042674    -7.6040   -11.3058
   934.8  1415.990591   -12.9800   -11.7391
   945.8  1415.938507   -19.9400   -12.1257
   956.9  1415.886424   -19.5900   -12.4675
   968.0  1415.834341   -14.6200   -12.7661
   979.0  1415.782257   -11.5000   -13.0233
   990.1  1415.730174   -14.9600   -13.2407
  1001.2  1415.678091   -21.1700   -13.4202
  1012.2  1415.626007   -23.9000   -13.5631
  1023.3  1415.573924   -20.1000   -13.6713
  1034.4  1415.521841   -18.3300   -13.7463
  1045.4  1415.469757   -23.6000   -13.7896
  1056.5  1415.417674   -22.1900   -13.8027
  1067.6  1415.365591   -14.5700   -13.7873
  1078.7  1415.313507   -11.8800   -13.7446
  1089.7  1415.261424   -13.5700   -13.6762
  1100.8  1415.209341   -16.1300   -13.5836
  1111.9  1415.157257   -18.5500   -13.4680
  1122.9  1415.105174   -19.1500   -13.3309
  1134.0  1415.053091   -20.8100   -13.1735
  1145.1  1415.001007   -19.1500   -12.9973
  1156.2  1414.948924   -12.6900   -12.8034
  1167.3  1414.896841   -13.7600   -12.5931
  1178.3  1414.844757   -16.0300   -12.3677
  1189.4  1414.792674   -12.6900   -12.1283
  1200.5  1414.740591    -8.9900   -11.8761
  1211.6  1414.688507    -6.0310   -11.6122
  1222.7  1414.636424    -7.9630   -11.3378
  1233.7  1414.584341   -12.2800   -11.0540
  1244.8  1414.532257   -10.0900   -10.7617
  1255.9  1414.480174    -5.6730   -10.4621
  1267.0  1414.428091    -8.9030   -10.1561
  1278.1  1414.376007   -15.8700    -9.8447
  1289.2  1414.323924   -17.5200    -9.5288
  1300.3  1414.271841   -11.3200    -9.2094
  1311.3  1414.219757    -6.1760    -8.8873
  1322.4  1414.167674    -5.6790    -8.5635
  1333.5  1414.115591    -4.1510    -8.2387
  1344.6  1414.063507    -1.2620    -7.9137
  1355.7  1414.011424     1.6830    -7.5894
  1366.8  1413.959341     2.3090    -7.2665
  1377.9  1413.907257     1.9790    -6.9457
  1389.0  1413.855174     2.9080    -6.6276
  1400.1  1413.803091     4.5810    -6.3131
  1411.2  1413.751007     6.0710    -6.0026
  1422.3  1413.698924     6.7650    -5.6969
  1433.4  1413.646841     5.3290    -5.3965
  1444.5  1413.594757     2.1190    -5.1019
  1455.6  1413.542674     1.9800    -4.8137
  1466.7  1413.490591     1.9380    -4.5324
  1477.8  1413.438507     1.8000    -4.2585
  1488.9  1413.386424     6.6050    -3.9924
  1500.0  1413.334341     9.7170    -3.7345
  1511.1  1413.282257     8.0710    -3.4852
  1522.2  1413.230174     6.9960    -3.2449
  1533.3  1413.178091     7.0570    -3.0139
  1544.4  1413.126007    14.2500    -2.7926
  1555.5  1413.073924    36.6000    -2.5811
  1566.6  1413.021841    63.0600    -2.3798
  1577.7  1412.969757    72.2800    -2.1888
  1588.8  1412.917674    64.4400    -2.0085
  1599.9  1412.865591    61.4700    -1.8388
  1611.0  1412.813507    61.9600    -1.6801
  1622.2  1412.761424    50.8300    -1.5323
  1633.3  1412.709341    40.6200    -1.3956
  1644.4  1412.657257    44.0100    -1.2700
  1655.5  1412.605174    49.4700    -1.1556
  1666.6  1412.553091    51.2500    -1.0523
  1677.7  1412.501007    53.3900    -0.9602
  1688.8  1412.448924    47.8900    -0.8791
  1700.0  1412.396841    29.3600    -0.8091
  1711.1  1412.344757     8.8760    -0.7499
  1722.2  1412.292674    -1.8600    -0.7015
  1733.3  1412.240591    -1.7610    -0.6637
  1744.4  1412.188507     1.6790    -0.6362
  1755.6  1412.136424    -0.3260    -0.6189
  1766.7  1412.084341    -6.0650    -0.6116
  1777.8  1412.032257    -7.0390    -0.6138
  1788.9  1411.980174    -2.2100    -0.6255
  1800.1  1411.928091    -1.6690    -0.6461
  1811.2  1411.876007    -8.8700    -0.6754
  1822.3  1411.823924   -11.0200    -0.7129
  1833.4  1411.771841    -5.7560    -0.7583
  1844.6  1411.719757    -3.1120    -0.8110
  1855.7  1411.667674    -6.8190    -0.8707
  1866.8  1411.615591   -11.6000    -0.9369
  1878.0  1411.563507   -11.4000    -1.0089
  1889.1  1411.511424    -8.9900    -1.0863
  1900.2  1411.459341    -8.7360    -1.1685
  1911.4  1411.407257    -9.3370    -1.2548
  1922.5  1411.355174    -7.7270    -1.3446
  1933.6  1411.303091    -7.2090    -1.4373
  1944.8  1411.251007    -7.8790    -1.5322
  1955.9  1411.198924    -9.7060    -1.6284
  1967.0  1411.146841   -13.6800    -1.7254
  1978.2  1411.094757   -12.6000    -1.8223
  1989.3  1411.042674    -4.2510    -1.9183
  2000.4  1410.990591     0.9556    -2.0126
  2011.6  1410.938507    -2.2110    -2.1043
  2022.7  1410.886424    -2.6940    -2.1926
  2033.9  1410.834341    -0.3379    -2.2765
  2045.0  1410.782257    -3.1750    -2.3550
  2056.2  1410.730174    -7.4070    -2.4272
  2067.3  1410.678091    -5.4620    -2.4922
  2078.4  1410.626007    -1.8140    -2.5488
  2089.6  1410.573924    -0.8608    -2.5961
  2100.7  1410.521841     1.5260    -2.6329
  2111.9  1410.469757     4.9430    -2.6581
  2123.0  1410.417674     3.3760    -2.6706
  2134.2  1410.365591    -1.2220    -2.6693
  2145.3  1410.313507    -2.7600    -2.6529
  2156.5  1410.261424    -2.6010    -2.6202
  2167.6  1410.209341     0.3499    -2.5700
  2178.8  1410.157257     2.8670    -2.5010
  2189.9  1410.105174     2.3840    -2.4118
  2201.1  1410.053091     0.9656    -2.3013
  2212.3  1410.001007    -0.3802    -2.1679
  2223.4  1409.948924     1.8480    -2.0103
  2234.6  1409.896841     5.5210    -1.8271
  2245.7  1409.844757     5.2230    -1.6169
  2256.9  1409.792674     4.1790    -1.3781
  2268.0  1409.740591     3.1150    -1.1094
  2279.2  1409.688507     1.2120    -0.8091
  2290.4  1409.636424     2.2430    -0.4757
  2301.5  1409.584341     4.5220    -0.1076
  2312.7  1409.532257     8.1430     0.2967
  2323.8  1409.480174     9.3640     0.7390
  2335.0  1409.428091     5.0590     1.2209
  2346.2  1409.376007     3.6530     1.7440
  2357.3  1409.323924     5.8860     2.3102
  2368.5  1409.271841     8.1280     2.9211
  2379.7  1409.219757    10.6200     3.5785
  2390.8  1409.167674    12.0000     4.2844
  2402.0  1409.115591     9.8510     5.0403
  2413.2  1409.063507     4.3380     5.8482
  2424.4  1409.011424     0.8338     6.7101
  2435.5  1408.959341     1.9730     7.6278
  2446.7  1408.907257     6.1420     8.6032
  2457.9  1408.855174     8.9290     9.6384
  2469.0  1408.803091     7.4160    10.7353
  2480.2  1408.751007     2.7840    11.8960
  2491.4  1408.698924    -3.7910    13.1225
  2502.6  1408.646841    -0.6970    14.4169
  2513.8  1408.594757     7.2560    15.7813
  2524.9  1408.542674     1.8650    17.2178
  2536.1  1408.490591     1.8650    18.7287
  2547.3  1408.438507     1.8650    20.3161
  2558.5  1408.386424     1.8650    21.9821
  2569.7  1408.334341     1.8650    23.7292
  2580.8  1408.282257     1.8650    25.5595
  2592.0  1408.230174     1.8650    27.4753
  2603.2  1408.178091     1.8650    29.4790
  2614.4  1408.126007     1.8650    31.5730
  2625.6  1408.073924     1.8650    33.7596
  2636.8  1408.021841     1.8650    36.0412
  2647.9  1407.969757     1.8650    38.4203
  2659.1  1407.917674     1.8650    40.8993
